-----------------------------------
按照综合值大小排序：
顺序为	名称	体力	智力	武力	魅力	运气
	关羽	95	88	95	85	80
	刘备	84	91	86	95	85
	夏侯	90	80	92	75	80
	鲁肃	70	90	85	80	85
-----------------------------------
按照武力值大小排序：
顺序为	名称	体力	智力	武力	魅力	运气
	关羽	95	88	95	85	80
	夏侯	90	80	92	75	80
	刘备	84	91	86	95	85
	鲁肃	70	90	85	80	85
